X =[ 0.1000   0.1000   0.1000 0.1000   0.1000  0.1000 0.1000   0.1000
    0.1300   0.1300   0.1300 0.1300   0.1300  0.1300 0.1300   0.1300
    0.1500   0.1500   0.1500 0.1500   0.1500  0.1500 0.1500   0.1500
    0.1700   0.1700   0.1700 0.1700   0.1700  0.1700 0.1700   0.1700
    0.2000   0.2000   0.2000 0.2000   0.2000  0.2000 0.2000   0.2000
    0.3000   0.3000   0.3000 0.3000   0.3000  0.3000 0.3000   0.3000  ];
Y =[2.5022   17.1316   75.0829  2.5022   17.1316 75.0829  2.5022   17.1316
    1.8341   10.5896   38.8403  1.8341   10.5896 38.8403  1.8341   10.5896
    1.5443    8.0740   26.9310  1.5443    8.0740 26.9310  1.5443    8.0740
    1.3048    6.1967   18.7634  1.3048    6.1967 18.7634  1.3048    6.1967
    1.0719    4.4409   11.7996  1.0719    4.4409 11.7996  1.0719    4.4409
    0.8010    2.2686    4.4574  0.8010    2.2686  4.4574  0.8010    2.2686   ];


f=@(x,p) [p(1) .* (1 + p(3) .* x) .^ 2] .* exp (-(p (2) .* (x ./ (1 + p (3) .* x))));

paramMatrix=[  3.8363e+01   8.8828e+01   3.4428e+03  3.8363e+01   8.8828e+01 3.4428e+03  3.8363e+01   8.8828e+01
               4.8187e+01   4.1380e+01   9.0178e+01  4.8187e+01   4.1380e+01 9.0178e+01  4.8187e+01   4.1380e+01
               4.1739e+00   2.2246e+00   1.8429e+00  4.1739e+00   2.2246e+00 1.8429e+00  4.1739e+00   2.2246e+00
               2.4363e+01   2.5424e+02   2.4341e+03  2.4363e+01   2.5424e+02 2.4341e+03  2.4363e+01   2.5424e+02
               5.1570e+01   4.8385e+01   5.7720e+01  5.1570e+01   4.8385e+01 5.7720e+01  5.1570e+01   4.8385e+01
               6.0343e+00   4.2267e+00   3.9351e+00  6.0343e+00   4.2267e+00 3.9351e+00  6.0343e+00   4.2267e+00
               8.0472e-02   5.5863e-02   4.3207e-02  8.0472e-02   5.5863e-02 4.3207e-02  8.0472e-02   5.5863e-02
               9.9844e-01   9.9971e-01   9.9988e-01 9.9844e-01   9.9971e-01  9.9988e-01 9.9844e-01   9.9971e-01   ];

pos=[0 0 0 0 0 0 0 0]
