

   B=[2.5022   2.4958   2.4494   2.4682   2.4790   2.5123   2.5123   2.5123   2.5123   2.5123   2.5123   2.5123   2.5123
   1.8341   1.8227   1.8573   1.8404   1.8370   1.8062   1.8062   1.8062   1.8062   1.8062   1.8062   1.8062   1.8062
   1.5443   1.5404   1.5780   1.5607   1.5549   1.5250   1.5250   1.5250   1.5250   1.5250   1.5250   1.5250   1.5250
   1.3048   1.3342   1.3604   1.3495   1.3436   1.3250   1.3250   1.3250   1.3250   1.3250   1.3250   1.3250   1.3250
   1.0719   1.1143   1.1145   1.1176   1.1135   1.1164   1.1164   1.1164   1.1164   1.1164   1.1164   1.1164   1.1164
   0.8010   0.7417   0.6659   0.7099   0.7128   0.7723   0.7723   0.7723   0.7723   0.7723   0.7723   0.7723   0.7723]



  C =[ 17.1316   17.1576   17.1215   17.1576   17.1499   16.9298   17.1575   17.1576   17.1576   17.1576   17.1576   17.1576   17.1576
   10.5896   10.5230   10.5710   10.5230   10.5349   10.7441   10.5231   10.5230   10.5230   10.5230   10.5230   10.5230   10.5230
    8.0740    7.9949    8.0304    7.9949    8.0031    8.1784    7.9949    7.9949    7.9949    7.9949    7.9949    7.9949    7.9949
    6.1967    6.2746    6.2870    6.2746    6.2767    6.3573    6.2746    6.2746    6.2746    6.2746    6.2746    6.2746    6.2746
    4.4409    4.5831    4.5624    4.5831    4.5768    4.5091    4.5831    4.5831    4.5831    4.5831    4.5831    4.5831    4.5831
    2.2686    2.1506    2.0747    2.1506    2.1306    1.8038    2.1506    2.1506    2.1506    2.1506    2.1506    2.1506    2.1506]



  D =[ 75.0829   75.1128   74.8831   74.8294   75.1128   74.4286   74.8370   74.9432   74.5425   75.1128   75.1128   75.1128   75.1128
   38.8403   38.8206   39.3504   39.4708   38.8206   39.9045   39.2873   39.1345   39.7468   38.8206   38.8206   38.8206   38.8206
   26.9310   26.6036   26.8300   26.8805   26.6036   27.1689   26.8431   26.7625   27.0898   26.6036   26.6036   26.6036   26.6036
   18.7634   18.9830   18.8784   18.8505   18.9830   18.9165   18.9568   18.9642   18.9375   18.9830   18.9830   18.9830   18.9830
   11.7996   12.1815   11.7258   11.6145   12.1815   11.4141   11.8644   11.9693   11.5472   12.1815   12.1815   12.1815   12.1815
    4.4574    4.0652    3.3503    3.1856    4.0652    2.7700    3.5081    3.6915    2.9720   4.0652    4.0652    4.0652    4.0652]

    optimData(:,:,1)=B;
    optimData(:,:,2)=C;
    optimData(:,:,3)=D;
