






 optimData(:,:,1) = [ 8.3517   8.3675   8.3675   8.3675   8.3675   8.3675   8.3675   8.3757   8.3736   8.3284   8.3675   8.3675   8.3675   8.3675   8.3675   8.3675
   4.3057   4.4387   4.4387   4.4387   4.4387   4.4387   4.4387   4.4265   4.4312   4.5065   4.4387   4.4388   4.4387   4.4388   4.4387   4.4387
   3.4550   3.1418   3.1418   3.1418   3.1418   3.1418   3.1418   3.1347   3.1375   3.1803   3.1418   3.1418   3.1418   3.1419   3.1418   3.1418
   2.8738   2.3339   2.3339   2.3339   2.3339   2.3339   2.3339   2.3332   2.3337   2.3357   2.3339   2.3339   2.3339   2.3339   2.3339   2.3339
   0.4315   1.6067   1.6067   1.6067   1.6067   1.6066   1.6066   1.6136   1.6115   1.5643   1.6066   1.6066   1.6066   1.6067   1.6066   1.6066
   1.2248   0.7021   0.7021   0.7021   0.7021   0.7021   0.7021   0.7201   0.7141   0.6014   0.7021   0.7021   0.7021   0.7021   0.7021   0.7021
        0        0        0        0        0        0        0        0        0        0        0        0        0        0        0        0]



optimData(:,:,2) =  [ 40.5810   40.4994   40.4994   40.4994   40.4994   40.4994   40.4040   40.4803   40.5091   40.6178   40.4995   40.4994   40.4994   40.4994   40.4994   40.4994
   19.0832   20.0609   20.0609   20.0609   20.0609   20.0609   20.2526   20.1122   20.0275   19.8431   20.0610   20.0609   20.0609   20.0609   20.0609   20.0609
   14.6152   13.5330   13.5330   13.5330   13.5330   13.5330   13.6251   13.5583   13.5145   13.4259   13.5330   13.5330   13.5330   13.5330   13.5330   13.5330
   11.4538    9.5795    9.5795    9.5795    9.5795    9.5795    9.5637    9.5773    9.5772    9.5914    9.5795    9.5795    9.5795    9.5795    9.5795    9.5795
    3.0935    6.1433    6.1433    6.1433    6.1433    6.1433    6.0123    6.1117    6.1584    6.2828    6.1433    6.1433    6.1433    6.1433    6.1433    6.1433
    3.2991    2.1750    2.1750    2.1750    2.1750    2.1750    1.9382    2.1151    2.2080    2.4474    2.1750    2.1750    2.1750    2.1750    2.1750    2.1750
         0         0         0         0         0         0         0         0         0         0         0         0         0         0         0         0]



  optimData(:,:,3) =[ 3.1322e+01   3.1164e+01   3.1164e+01   3.1164e+01   1.0804e-06   3.1164e+01   4.2734e+21   1.2569e+22   1.1424e+22   7.9929e+21   3.1287e+21   1.6541e+03   1.4202e+05   4.7789e+01   1.0804e-06   3.1160e+01
   1.2946e+01   1.3842e+01   1.3842e+01   1.3842e+01   3.5542e-08   1.3842e+01   7.2220e+21   2.1241e+22   1.9307e+22   1.3508e+22   5.2875e+21   1.0053e+03   9.7709e+04   3.3147e+01   3.5542e-08   1.3847e+01
   9.5195e+00   9.6074e+00   9.6074e+00   9.6074e+00   6.1938e-09   9.6074e+00   9.6151e+21   2.8280e+22   2.5705e+22   1.7984e+22   7.0396e+21   8.1511e+02   8.3499e+04   2.8991e+01   6.1938e-09   9.6107e+00
   7.6946e+00   7.3001e+00   7.3001e+00   7.3001e+00   1.4575e-09   7.3001e+00   1.2350e+22   3.6324e+22   3.3017e+22   2.3100e+22   9.0420e+21   7.0288e+02   7.4827e+04   2.6713e+01   1.4575e-09   7.3012e+00
   7.3192e+00   5.4309e+00   5.4309e+00   5.4309e+00   2.5255e-10   5.4309e+00   1.7093e+22   5.0276e+22   4.5698e+22   3.1972e+22   1.2515e+22   6.0813e+02   6.7448e+04   2.5143e+01   2.5255e-10   5.4297e+00
   2.0348e+00   3.4328e+00   3.4328e+00   3.4328e+00   6.2602e-12   3.4328e+00   3.8460e+22   1.1312e+23   1.0282e+23   7.1936e+22   2.8158e+22   5.2588e+02   6.2430e+04   2.6323e+01   6.2602e-12   3.4273e+00
            0            0            0            0            0            0            0            0            0            0            0            0            0            0            0            0]



  optimData(:,:,4) = [3.5758   3.8032   3.8032   3.8032   3.8032   3.8032   3.8032   3.8032   3.8032   3.8032   3.8032   3.8032   3.8032   3.8032   3.8032   3.8032
   3.5367   3.1007   3.1007   3.1007   3.1007   3.1007   3.1007   3.1007   3.1007   3.1007   3.1007   3.1007   3.1007   3.1007   3.1007   3.1007
   2.7370   2.6871   2.6871   2.6871   2.6871   2.6871   2.6871   2.6871   2.6871   2.6871   2.6871   2.6871   2.6871   2.6871   2.6871   2.6871
   2.2088   2.3145   2.3145   2.3145   2.3145   2.3145   2.3145   2.3145   2.3145   2.3145   2.3145   2.3145   2.3145   2.3145   2.3145   2.3145
   1.5765   1.8274   1.8274   1.8274   1.8274   1.8274   1.8274   1.8274   1.8274   1.8274   1.8274   1.8274   1.8274   1.8274   1.8274   1.8274
   0.8419   0.7293   0.7293   0.7293   0.7293   0.7293   0.7293   0.7293   0.7293   0.7293   0.7293   0.7293   0.7293   0.7293   0.7293   0.7293
        0        0        0        0        0        0        0        0        0        0   0           0      0        0         0         0]
